
63
807
70
687
70
687
72
653
72
653
62
618
62
618
126
607
126
607
137
607
137
607
140
653
140
653
138
736
138
736
150
737
151
736
150
698
150
698
156
700
156
700
157
661
157
661
187
663
187
664
187
671
187
671
255
670
254
670
252
622
251
624
305
625
305
625
306
597
306
597
436
601
434
602
437
520
437
520
405
521
405
521
407
493
407
493
430
494
430
494
503
350
503
350
561
351
560
351
560
296
510
366
526
373
508
412
518
425
518
425
533
412
533
412
558
413
558
413
618
414
565
411
564
395
564
396
576
397
621
415
634
417
616
415
635
420
635
420
634
393
634
393
621
393
621
393
621
335
621
335
607
337
607
337
608
253
607
255
625
254
626
254
626
250
626
250
654
252
654
252
702
256
702
257
701
234
701
234
752
236
751
236
752
464
752
464
785
464
786
465
784
535
784
535
702
535
702
535
703
528
703
528
681
528
681
528
685
552
685
552
701
552
701
552
702
618
702
618
687
616
690
617
691
665
691
665
623
665
623
665
625
643
625
643
597
648
597
648
570
640
570
640
532
638
532
638
534
654
535
654
504
650
504
650
505
633
505
633
463
635
463
635
462
574
462
574
470
576
470
576
470
545
470
545
488
548
488
548
487
501
487
501
476
498
476
498
501
453
501
453
504
458
504
458
521
425
65
807
90
812
90
812
106
784
106
784
114
785
105
787
104
834
104
834
133
836
133
836
134
825
133
825
155
826
155
826
154
843
153
843
165
842
165
844
163
891
163
891
212
892
212
892
211
885
211
885
223
886
223
886
223
891
222
891
237
891
237
890
236
884
236
885
246
885
247
885
245
892
245
892
296
892
296
892
296
842
296
843
401
850
401
850
400
832
400
832
477
835
477
835
478
855
478
855
503
857
503
857
501
845
502
845
581
845
581
845
581
853
581
853
594
853
594
853
596
880
595
880
582
878
582
878
582
913
581
913
501
910
501
910
501
860
480
856
480
870
480
870
386
867
386
867
391
854
387
867
387
853
331
847
331
923
331
923
358
922
358
922
356
898
356
897
390
898
388
900
387
890
391
895
475
894
475
894
474
941
474
941
506
938
475
937
511
937
505
940
504
933
505
933
511
933
512
933
512
941
512
941
584
944
583
944
581
951
581
951
624
953
624
953
622
925
623
908
623
776
623
776
604
775
623
931
690
932
690
931
687
865
687
865
821
870
821
870
821
841
625
905
664
905
664
905
665
865
665
865
651
866
651
866
652
840
652
840
664
842
664
842
663
793
661
781
661
711
662
710
688
710
686
730
690
838
690
838
797
840
797
840
796
815
796
815
822
815
821
815
821
818
822
848
821
834
824
841
842
841
842
841
842
868
843
866
843
904
842
902
937
898
937
898
970
890
970
890
972
856
970
854
962
854
962
854
962
815
962
815
970
815
966
816
968
786
968
786
917
785
922
805
922
830
844
816
871
817
741
594
732
593
732
593
732
583
732
583
741
584
741
588
867
587
867
587
870
640
868
638
816
638
816
638
818
656
818
656
813
655
813
655
813
637
813
637
792
641
792
641
790
670
815
643
793
642
792
666
788
756
788
756
818
757
818
757
818
748
817
748
815
748
813
750
817
754
814
706
820
706
820
706
818
701
818
701
813
701
812
701
814
707
787
754
738
757
738
756
731
757
731
757
732
750
733
750
742
752
742
752
740
711
740
711
733
712
733
708
733
705
734
714
733
706
733
706
740
708
740
707
741
634
741
634
733
635
733
635
733
631
733
631
740
631
740
631
737
595
814
535
813
463
813
463
896
467
887
467
883
515
883
515
936
515
936
515
933
502
920
513
923
551
920
536
862
538
861
531
810
533
922
577
977
580
977
580
976
516
976
516
958
516
966
517
964
515
963
515
962
465
962
465
906
465
922
575
923
566
922
573
922
588
922
588
941
587
941
587
938
606
937
606
920
606
920
606
923
672
923
672
960
671
960
671
958
705
958
705
968
705
967
704
968
745
968
745
968
783
922
742
922
713
922
722
923
708
128
787
141
787
142
787
138
763
138
763
183
765
181
764
182
735
182
734
186
736
186
736
186
695
186
695
246
694
246
696
248
743
248
743
236
743
236
743
236
737
236
737
218
740
218
740
218
745
220
745
217
785
217
784
222
784
222
784
221
790
221
791
221
790
216
791
224
791
216
790
216
836
216
836
222
836
222
836
222
846
222
846
213
846
213
846
213
841
213
841
191
840
191
840
194
786
194
786
144
781
196
788
142
785
295
780
296
704
296
704
301
704
302
704
302
781
302
781
295
778
295
777
396
777
396
778
398
792
398
792
477
792
477
792
475
752
488
782
566
781
566
781
564
772
564
772
571
774
572
773
571
757
571
757
566
756
566
756
568
695
568
695
487
698
488
704
424
706
430
705
427
636
427
636
338
635
338
636
343
705
344
706
316
704
316
704
320
763
342
706
366
704
365
704
367
715
366
704
426
707
398
777
400
738
401
738
414
741
430
738
440
741
441
741
437
705
442
741
428
738
434
744
434
738
433
738
434
753
434
753
474
753
558
296
552
294
552
294
554
275
554
275
545
274
545
274
538
263
538
263
531
265
531
265
532
295
532
295
511
296
511
296
512
275
512
275
495
275
495
275
495
297
495
297
450
295
450
295
450
291
450
291
443
292
442
292
445
300
445
300
421
298
421
298
428
226
413
301
418
298
418
296
421
118
421
118
445
120
445
120
444
140
444
140
456
138
456
138
458
160
458
160
465
160
465
160
472
173
472
173
481
164
481
163
476
138
476
138
503
141
503
141
504
46
504
46
562
51
562
51
594
55
594
55
593
83
593
83
601
84
602
84
603
80
603
80
610
73
610
73
634
73
634
73
644
82
644
82
646
110
646
110
640
115
640
115
642
121
645
122
648
122
651
117
652
115
642
122
652
122
653
122
653
114
652
115
700
115
700
115
701
171
701
171
678
166
678
166
681
173
681
173
722
178
722
178
722
193
722
193
738
196
735
193
735
181
735
181
755
175
755
174
765
175
765
176
772
185
771
184
774
177
772
175
843
177
843
177
863
204
863
204
884
184
884
182
902
223
900
221
901
242
901
243
930
252
928
252
923
277
924
277
936
285
936
285
957
290
956
288
946
391
946
391
931
431
931
431
926
457
928
452
930
462
883
393
881
340
881
340
886
342
887
342
885
333
885
333
771
338
771
338
773
393
773
394
885
394
542
170
530
168
541
174
542
108
542
108
593
112
593
112
592
105
592
105
603
105
603
105
602
114
602
114
608
115
608
115
608
121
602
123
601
121
598
117
552
116
552
116
546
124
546
124
547
161
548
161
555
168
555
167
598
170
598
168
603
162
603
162
607
165
607
167
640
170
637
172
644
162
644
164
648
170
648
170
660
170
660
170
658
174
658
174
646
174
650
175
652
217
652
217
593
216
593
216
596
175
596
174
541
174
446
266
445
240
446
195
446
186
624
776
622
704
622
704
688
707
692
775
687
776
690
774
696
772
696
774
697
813
697
813
797
815
815
811
816
792
850
814
847
792
